sovereign-commander 1
inputs 49 hidden 32 outputs 18
-1.602799 0.6087156 0.7476 0.4118143 -0.9326831 0.4774316 0.07411646 0.4249808
0.3058345 0.5267078 0.4294121 1.209692 0.3585296 -0.2985309 -1.258308 0.231926
-0.5717013 0.1572599 -1.544503 -0.1044309 -0.5091346 -0.7139285 0.1825647 -0.3635913
-0.6276964 0.9583424 0.2699202 -0.5564339 -0.7501752 -1.156461 -0.3409835 0.1232411
-1.625526 -0.4556643 -0.1769941 -0.9011669 0.5580159 1.13817 -1.469385 -0.1372413
-0.942485 -0.3719252 -1.347036 0.01621988 0.4222213 -1.39589 -0.7834244 -1.502985
-0.5621552 0.3107949 0.5173447 -0.04084464 -0.7649636 -0.4261103 0.6115912 -0.5256051
-0.8143789 -0.3491265 0.8989647 0.1907056 0.1503995 -1.088431 -0.3771727 0.7819229
1.797009 -1.779723 0.1033996 -0.1305952 -1.352366 -1.046519 -1.033987 -0.1720091
-1.50327 1.603213 0.9988209 1.030371 -0.502835 0.5846363 -0.003744524 1.075927
0.5010003 0.1699069 -0.152288 -0.9162094 0.5800602 1.95109 -0.1446996 -0.4990102
-0.5736327 0.7949381 1.011448 -0.5109278 1.08341 0.3986318 -0.09612867 -0.3697159
-0.3518026 0.1693125 -0.9019298 -0.3917585 0.2186462 -0.819109 0.6671181 -0.1824428
-0.8510178 0.4676877 1.284292 -1.188006 -0.9809189 1.082267 -1.099679 0.4346719
1.152552 0.2279541 0.9263443 2.096322 -0.3924221 1.10214 -0.03647315 1.464634
-0.5723191 -0.9161944 0.6521493 -0.9216011 1.213738 0.2803416 -0.7120928 -1.757223
-0.01362056 -0.07249868 -0.8305991 -0.8457753 -0.06982948 0.05585592 0.5508631 -0.4937587
-0.5791798 0.7624996 0.0965279 0.5851488 -0.0716589 1.061869 -0.9577636 0.6907126
-0.4933168 -1.152599 0.1756214 0.3526661 -0.07127415 0.4055051 -0.8467394 1.72635
1.174038 -0.7220222 -0.5343829 0.2552784 0.1424487 1.222422 0.07022951 0.3013869
-0.2970182 0.7267565 -0.5487823 -0.02812745 1.20757 0.1652477 -0.358103 -0.4610601
-0.2229774 0.179995 0.6972125 0.3582657 0.04599473 0.5788019 1.77227 -1.3218
-0.1991935 -0.2132052 -1.079237 0.3798298 2.596104 -0.04989335 -0.4631339 -0.03401611
-1.62613 0.7736207 0.9192235 -0.1186831 -1.100996 0.8897102 -0.7586005 -0.1039536
0.1997525 -0.7827364 -2.70637 2.010776 0.6416221 0.2897815 0.05064802 0.3771742
0.2360709 -0.4786563 0.6766544 -0.7776648 -0.9489256 2.271836 1.106136 -0.5976304
1.348124 0.9074886 -1.61542 0.9748541 -0.0477279 1.869212 -0.7531068 1.48903
-0.8401411 -0.1991564 0.8577214 2.358299 -0.5358865 -0.2475103 -1.697926 0.4226765
-0.6842475 0.2042264 -0.02758973 -0.4759608 -0.7617283 -1.77669 -0.6336989 1.175134
0.2575203 -0.3612048 -1.93552 -0.6535643 -0.3206854 -1.292873 0.8065847 1.057779
0.939545 -0.885857 0.2919613 0.2069465 -0.6410037 -0.3234897 0.2575529 -1.243331
0.9050501 0.3411253 -0.1639376 -1.221694 0.08409491 -0.1288453 -0.4582757 0.04905262
0.05513353 0.008412646 -1.174683 -0.5071813 -0.1834319 -0.6856353 -0.08539291 -0.1631601
-1.206504 0.5642212 0.05370272 0.2381791 -1.065257 -0.1261594 0.2029288 -0.4953496
-0.2329943 0.4012627 -0.006863522 0.8299536 0.6517017 -0.7110226 -0.7155403 1.293154
2.040718 -1.480853 0.734646 0.7286945 -1.17541 -0.5164734 -0.08018751 0.1812562
-1.155957 1.505366 -0.1681787 -0.9714959 0.4195209 0.05324735 -0.04207347 -0.06030039
-0.1315449 0.7588397 0.07900893 1.504682 -2.000272 -1.748049 1.545067 -0.1777171
0.1072808 -0.3080953 0.2970067 0.0580174 -0.5846258 0.7312174 -0.3558931 -1.082212
-1.605131 -0.876756 -0.4435384 -0.3370074 0.9654869 -0.06231956 -0.4893747 0.5710874
-1.098153 0.8669193 -0.1415391 -1.803365 -0.752301 0.7546985 -0.1066162 0.5194471
1.317211 -0.478559 0.5600935 0.5009111 0.3112984 0.4117613 0.4133994 0.5739879
-0.6506016 -1.791592 -1.384418 0.02709741 -0.107473 0.757631 1.250706 -1.42506
-1.024655 -1.004206 -0.4282294 0.6814283 -0.1803785 -0.5709872 0.9016311 -0.04307461
-0.791073 -0.7137864 -0.1392764 -0.3326376 1.036368 0.4162808 0.4960102 -0.6431302
-2.114989 -0.6399108 -1.092741 0.2266307 1.702404 0.5224236 -0.2716091 0.6478443
1.257741 0.5670121 1.043274 -1.046891 -1.038979 1.129231 -1.199784 2.067615
-0.4684809 0.2450902 1.407774 -0.3595057 0.6447229 -1.266104 0.5065565 -0.3242833
1.795044 0.5957728 0.4171807 2.20345 0.498814 -2.174244 -0.1012766 0.01372996
0.7854857 -0.9616487 0.04639369 -0.6578576 0.7011117 0.469058 0.2271164 -2.024173
-0.02986695 -0.06709703 3.717351 -0.2729676 0.02587215 -1.685802 -0.1949627 0.7985257
-0.5953643 2.331095 0.5377746 0.8184426 -0.4143386 0.6580409 -1.82793 1.167572
0.9723921 0.8018838 -0.8856422 -0.4941537 0.6172159 -0.4773885 1.152469 0.7094533
0.4697939 -0.4472421 1.604188 -1.219116 0.04664652 -0.446755 0.997584 0.291741
-0.2500641 -0.1919242 1.760054 0.2826938 0.07281975 -0.3786809 -0.9483404 -0.6780342
0.4540218 -0.06621908 0.05021701 0.2030829 0.2146401 -0.6286615 2.671116 1.340955
-1.190063 -1.22696 0.6202913 0.47181 0.3697509 0.8183276 1.350288 2.38974
-0.3071364 -1.076231 -0.8399674 -1.041493 -1.121559 -0.3854226 -1.093534 0.1262719
-0.4325403 -0.8333526 0.2099718 0.8819557 1.043465 0.0215258 -0.2474919 0.8889591
0.5558397 1.425055 -1.263181 0.9914553 1.272997 -0.6826237 -1.305074 -0.1089281
-0.5744519 0.153025 -0.5914021 0.1541006 0.2216946 -0.612229 0.9526433 0.175884
0.673753 -0.1872145 -0.3214442 1.3686 0.7639768 0.6718909 0.854874 0.5302424
0.1898454 -0.6599269 -0.279017 1.911352 0.9230614 -0.6268947 0.5768206 0.1311633
1.456692 -0.7442926 -1.351151 0.2714311 0.4153876 0.7830993 2.111434 0.3767003
0.3113452 0.4948428 -0.9990953 -0.0005390439 0.1928605 0.9750639 0.3316437 0.6732457
-0.4764841 1.469144 -1.656069 1.408538 0.3626004 -1.218212 -1.829769 0.6788282
-2.099294 0.2590925 0.9143912 -2.223042 -0.2620725 0.4648773 0.3095722 -0.8104047
0.00438005 0.3645827 1.297184 1.213948 1.898051 -0.2103355 1.319036 -0.1623754
0.4967898 0.07889921 -0.3622882 0.07330234 0.1470987 0.9286548 -0.9023769 0.07493198
2.014624 -0.323582 0.08457712 -1.189592 0.04834772 0.9411248 -0.1093148 0.07892339
0.5056715 0.00769517 2.540186 -1.389927 1.902485 -0.4505624 0.3332176 -0.6721937
-0.6414328 1.818738 -0.5742496 -0.4707785 -1.04643 0.8438399 -2.554588 1.099441
1.486822 0.633468 0.4463592 -0.21806 0.4735529 0.3096105 0.1675659 0.4197012
1.305845 0.2553805 -0.4107389 0.6203791 0.0962627 -0.8670891 0.8360892 1.432532
0.5118895 -0.3126026 0.3832209 -0.9735923 -0.5542353 0.8580143 -0.08018223 1.127751
0.4138606 -1.068434 -1.51633 -0.18262 0.1203197 -1.025606 0.01073706 0.8692059
0.5988885 1.392912 1.609598 0.1856946 0.07696051 -1.019534 -0.133343 0.7376505
0.1491742 -1.141453 2.317002 1.325946 -0.07855801 0.05044416 0.05086054 -0.9514006
0.09182326 0.7989198 -0.2459915 0.7375003 0.8105663 1.561976 -1.311512 -0.09240397
-0.7256677 -0.7102909 -1.168032 -0.1950713 1.666574 0.5570357 -0.5168333 -0.4775814
-0.3099899 -1.973439 0.04752578 0.1074539 -1.13156 -0.8120557 -2.255919 -0.6866724
-0.7407324 0.9368985 -0.69131 -0.4583074 1.43192 0.9683859 0.4990295 1.190334
0.8856018 2.272113 -0.9931929 1.136503 -0.05722368 0.8911469 0.3905239 0.01515534
-0.6146845 -1.99855 -0.1878628 -0.3089641 0.174925 0.8467304 -0.7112595 -0.7722278
0.04635103 1.083864 1.088391 0.4368787 0.549269 -1.395133 0.9762726 1.059843
0.2690426 -0.8451428 -1.468772 -0.01114074 -1.852753 0.4440829 0.6350142 -1.788931
-0.8881188 -1.249179 0.3363456 0.5260758 1.257209 -0.1578545 -1.26902 0.2420496
-1.540279 -0.9071929 0.006355719 1.047148 -0.129466 -1.650475 -0.6684669 1.073631
0.8790509 -1.105978 1.650712 0.04687047 -0.431108 -0.248601 1.170273 0.2938744
-0.4113803 0.01049505 -1.068576 0.5887132 -0.4114569 1.362145 1.73378 -0.2840076
0.3547139 1.979137 0.2101763 -1.119889 -0.9651958 -0.6388494 0.4897992 1.212698
1.86145 0.9532501 -0.4055008 -0.5118533 1.606348 -1.278708 -1.506231 -0.1570088
-0.4488507 0.5983841 -0.4869931 1.310624 0.3075781 -0.8701308 -0.8079785 -0.2746325
-0.4144342 0.2351714 -0.4871204 0.2112728 -0.6919081 -0.1416551 0.04320807 -0.06008253
1.148715 0.6310694 0.3696152 1.50876 0.496791 -0.9171379 -0.6663345 -1.090963
-0.2386051 1.295964 0.294106 0.01642554 0.1116169 1.875812 0.9067641 -0.05526106
1.669363 0.4082739 1.701198 -0.4137309 -1.266318 -0.8219266 -0.6963279 -0.000735756
0.009127896 -0.6152146 0.7585404 1.606619 0.4109586 -1.204797 -0.7271751 -1.848785
-0.610244 0.7799504 -1.28427 -1.701105 0.451341 -0.3174487 -0.03129093 -1.750239
-0.3351921 -0.2512945 -0.7095961 0.996448 1.527631 -0.691282 -0.03292423 0.7848633
-0.1426613 -0.6159554 0.6000864 -1.090456 0.4838371 -0.216669 -0.5668085 0.2652651
0.4420313 -0.1336234 -0.09816366 -0.4627707 0.7980164 -1.806037 0.4002432 0.05104576
-0.2181401 -0.06370652 1.07952 1.746595 0.4069678 0.05765654 0.5059652 0.3289323
0.4134682 -0.2901436 0.3495977 -1.646994 -0.1805727 0.6415304 -0.3993939 1.17439
0.1672438 0.1975643 1.348267 0.6876253 -0.08735627 -0.9616145 0.458747 0.2963252
1.213037 0.7105418 -0.6906552 -0.2579256 0.2003583 0.8921986 -1.768817 -1.337957
-0.1671582 0.2277896 -0.6954594 0.06919046 0.2095976 -0.8796772 -1.02082 0.7601591
-0.7383946 -0.9366493 -0.6099308 -0.4528113 0.3809504 0.2685031 -0.6326196 -1.100224
-0.1703944 -0.3344185 1.568998 -0.9249719 -1.727597 1.37727 -0.5101008 -1.938192
0.9858093 0.2222119 -0.4949921 -0.09603684 -0.2103097 0.8284577 -0.5876225 -0.5669581
-1.487574 -1.065181 0.4728723 -0.5263156 0.2556893 0.8485911 0.3656782 0.9674004
-1.056304 0.271433 -1.092141 -0.5787495 -0.09547023 -0.7225987 0.6183688 0.7713144
-1.895187 -0.6330436 -0.4213707 0.1250724 0.2057365 0.9482986 1.146111 -0.5215205
-0.8419643 -0.7596459 -1.597726 0.861217 -0.06064013 1.021206 -0.3250524 0.3315553
-0.3162446 -0.40236 -0.9065512 -0.9200078 0.6039852 0.3887372 -0.3686763 -0.4095107
1.286134 -0.4079279 1.419893 0.1707178 0.6490077 -1.08208 0.1631088 2.323399
0.4928542 -0.09895087 1.450208 -0.1126791 1.120555 0.945887 0.09996606 -0.18135
-0.5674549 0.0180943 1.156522 0.2485117 0.1569371 -0.3735825 1.673193 -1.200554
0.7193129 0.6913838 0.4080139 0.7746926 0.5837215 0.3638631 -0.3670409 0.1596391
-0.7915896 0.6138759 0.7197493 1.485548 0.7064288 -0.04863671 0.8263604 1.495782
-0.7327659 0.6571784 -0.3082957 0.8776256 -0.04942664 -0.03002929 0.13397 0.6225538
0.1386354 0.2320595 -1.620349 -0.5900793 1.786163 -1.196376 0.6542483 2.532522
0.9330355 0.430798 -0.2143136 0.9698401 0.3031557 0.7198011 -0.389769 1.135188
-0.02765266 0.2943251 0.09803035 1.322851 0.6693044 1.480485 1.133291 -2.221426
0.1609136 1.164687 0.4339002 -0.1784113 0.0810422 -0.1857575 -0.04193217 -0.4889379
1.491806 1.186837 -0.7193576 0.1416848 0.510682 -0.4064631 -1.346965 -1.031418
1.43719 -1.64766 -0.8800887 -0.7343417 -0.0346833 0.6830744 -0.3826715 -1.365453
0.5995675 -0.1494477 0.2305624 0.681204 1.2953 -0.5613848 -1.483847 -0.6399194
0.2115971 -0.1622077 -0.9315465 -0.8360787 0.5174499 -0.4932968 1.872607 0.5573553
-0.6780329 -0.1265814 -0.4143926 -1.216398 1.391987 0.6736726 -0.06192372 0.5253831
-0.6885328 0.5710942 0.2529301 -1.044442 0.007037425 -0.014691 -1.140886 -0.03950516
-0.3277219 -0.2923047 -0.3824428 1.245403 -0.4624275 1.024861 0.008689851 0.06471875
-1.678016 -0.9387532 -0.05606189 0.02112798 0.1455844 -1.129833 0.1461255 -0.01680982
2.41682 0.2837777 -0.3184831 0.3538041 1.616048 -1.532091 0.3039694 -0.8521788
-0.1491563 0.3219199 -0.3760833 0.04083091 -0.6333153 0.001421761 0.8010807 -1.050664
0.3505338 -1.256094 -1.019122 -0.03515626 1.022273 1.599947 -1.343828 -0.4995285
-1.879243 1.453848 -1.179513 0.3009007 -0.8130617 0.9242657 0.1059517 0.4894071
-0.2941226 -1.251523 1.342652 -0.3883635 0.5686287 -1.17762 -0.8551708 0.7475568
0.9247134 1.152531 0.6671709 -0.119232 1.219067 -2.666707 1.152086 -1.348128
-0.2014171 -1.203057 -0.8419483 -0.03103457 0.3010044 1.327809 0.4095308 0.4692697
0.3165301 0.7112961 0.719983 1.386673 0.09777924 0.3991672 0.416283 -1.187749
-0.8313465 0.6826675 1.24597 0.5501123 -1.216671 -1.328303 -0.7285745 -0.9582657
0.4117685 -0.1056159 -1.406016 -0.5672906 -0.8364369 -0.2314478 0.9771656 -0.8104903
0.6938295 -1.120172 -1.215877 0.4997441 0.5888808 0.2221739 0.03714992 -0.9087231
-1.914351 0.1612868 -0.8389202 -0.2042344 -1.03405 1.013568 -0.3844911 -1.159274
-0.726376 -0.918709 -0.6302614 -0.3408368 0.9316975 -0.5105849 -0.6649898 -0.06784252
-0.4107834 -1.945423 -1.319139 -0.5177492 -2.017941 -0.04822505 1.010335 0.1438545
-0.5486676 1.63838 -1.355198 -0.4316102 0.7937664 0.02233594 -0.05614203 0.6873482
-0.1405513 0.04173267 1.189093 -0.2304114 -0.1462838 1.054015 0.2830262 -0.788848
-1.964665 -0.9235853 -0.5728616 1.020417 0.364922 1.444624 -0.6754578 -0.8239545
-1.734551 -0.01674785 0.3409597 0.5232773 -0.705691 -1.426422 0.9973337 -0.3880776
-0.07878267 0.8920906 -0.3172797 0.4198765 0.5351244 -0.8680548 -1.418659 -0.5996488
0.22434 0.03308779 -0.728941 -0.05466356 0.7305714 -0.3365687 -1.69327 -0.1589654
0.1297734 0.4016744 0.7904203 -0.07140351 0.1886495 -2.327855 -1.127741 0.5145305
-0.1199962 0.908977 -0.1380863 -2.038748 -1.069974 -0.350839 -1.417647 0.3566777
-1.564492 -0.7900552 0.4794417 0.965934 0.02018946 -0.2117162 -0.1328194 0.510428
0.9838157 -0.5338816 -2.339758 -0.1150135 0.8488877 -2.29593 1.322056 -0.2078497
0.2220786 -1.69433 0.4622027 -0.715942 -1.35836 -0.3208787 -0.03435053 -1.047019
0.8568394 -0.3887395 0.02825605 0.1457742 0.1330433 0.07272167 0.7754828 1.55785
-1.541508 -0.5362033 1.68193 -0.7797716 0.4526976 0.02752514 -0.5174944 -1.335086
-0.1525294 -0.7552391 0.1188425 -0.7611962 -0.01161542 1.210406 -1.253883 0.765246
-0.7283966 -2.265689 1.11587 -0.01691098 -1.001527 -0.3866399 1.863552 -0.9346488
2.349639 -1.170478 0.8382217 -0.01589686 -0.3148235 0.4631642 -0.9323446 -0.307681
-0.3677274 -1.554406 -0.04961274 2.471397 1.51594 -1.424286 -1.145221 2.489542
-0.5501895 0.7035494 -0.4002463 -0.4162261 0.0235612 1.261762 0.02992375 0.7975389
2.077345 0.9718902 0.3682067 -1.145223 -0.1196987 1.275736 -0.2097242 0.2587131
0.1287908 -0.8418445 0.3347133 -1.237657 -1.16422 0.4981227 1.352911 -0.3007976
-0.004434286 1.657147 0.05835363 -1.635357 -0.6685425 1.976551 -0.7222867 -1.572342
-0.08307075 -1.378185 -0.9832807 -0.9549407 -0.9657601 0.8310581 0.3909398 1.225404
1.142847 2.40144 -0.9251548 -0.7180915 -0.2318582 0.5907996 0.8285612 -1.112834
-0.2500499 2.358816 -0.9905105 0.4654418 -0.9279452 -0.2434265 -0.6195866 -0.7660657
0.2103818 0.7564644 0.1862035 0.8733686 0.5243122 0.1450891 -0.1723547 -1.543391
0.05246921 -0.04722298 0.2347409 -0.4199918 2.050568 2.123943 0.9480242 -0.4437406
-0.5103712 1.093784 -2.150661 0.1595134 0.8579618 0.6843287 2.535226 -0.7020897
0.3808408 1.124481 0.1095312 -0.4434316 0.9398981 0.4989143 -1.273078 0.6751313
0.4429147 -0.04537326 -0.5888423 0.03788753 0.2208103 -0.3039494 0.6227946 -1.783445
-0.6686711 0.1053452 0.5203926 -0.3530378 -0.4054525 1.270683 -0.9664426 -0.7311929
0.8636259 -0.4161061 -1.533795 0.07822741 -0.8974905 0.3004311 1.623337 -0.2897093
0.3448239 0.1688772 0.128992 0.01711722 0.1891224 -0.7837142 -1.632715 -1.647563
0.3072615 0.570698 0.0076298 0.6670019 -0.3391337 -0.4568251 1.171929 -0.05422266
-1.171824 -0.5643656 -0.7958726 -0.2568785 1.240178 -2.602994 1.445557 -0.1275465
-1.753785 1.373463 -1.132915 0.2943684 1.298066 1.270107 -2.014105 -0.4606488
-1.5424 -1.192417 1.529434 -0.5580851 0.561202 -0.1747465 0.7483662 -0.5238254
0.575331 -0.09082601 0.8601092 -0.6002395 -0.5999576 0.4088096 0.3981078 0.5993059
1.573188 0.648782 1.942282 0.3967907 0.3235949 -0.2471662 -1.468684 -1.105081
-0.7926747 -0.3830899 -2.470474 1.151408 0.8429123 -0.338697 0.5332495 -0.8722078
-0.3022426 -0.9134172 0.8683247 0.193373 0.6453431 -0.4932168 0.4757145 1.114855
0.3424916 0.3717786 -0.4480432 -0.6247605 -0.2238792 0.4472623 -0.6365032 -1.343401
2.240897 1.01496 1.320256 0.3272821 1.274556 -1.178861 -0.3667229 -0.04023885
-0.3367854 -0.07986289 -1.776551 -0.7821757 -1.226569 0.6132717 -0.2687352 1.02577
0.3918209 -0.191292 -0.1498233 0.6846665 0.7630908 0.476195 0.3467565 0.5068064
-0.1526529 -0.8453278 0.4044522 -1.421794 -1.585007 0.6045593 -0.46252 -0.9987665
0.1562415 -0.6610123 -0.5956946 -1.469275 -1.035486 -1.237705 1.132667 0.1327927
0.4181539 1.046024 -0.4072252 0.361095 1.173078 0.3656448 -0.3354631 -0.8733825
1.040523 -0.3121901 -1.360501 0.3630823 0.5334533 -0.291012 -0.4734672 -1.155558
-0.3024785 0.5237938 0.1696847 -0.6765223 -0.5615315 -0.1917279 -0.6145979 -1.254156
-0.8453003 0.3757484 1.573785 0.5776787 -0.4568987 -1.801098 -0.8055621 -1.740121
0.7247511 -0.6385106 1.427963 0.2817789 0.2036387 0.5575709 -0.9539188 -1.11354
0.7213914 0.5874167 1.821624 0.9517604 -0.5997222 1.063064 -0.2444827 -1.230697
-0.3299381 1.365884 -0.304785 0.1556541 -0.5348497 0.9552249 0.6640872 -0.9944935
-0.5802105 -1.351003 0.9750931 0.609704 0.5144233 0.3706258 -0.4183848 -1.029527
0.9371167 0.2258555 -0.4640135 -0.8901466 0.5903679 -0.3579151 -0.4984136 -0.2194239
0.6746925 0.6596163 1.214139 0.7184005 1.620657 2.00196 -0.3857448 1.704577
1.05194 1.532481 0.1665929 -0.3548156 1.323159 -0.4745573 -1.352278 0.3048928
-1.613832 -0.4090464 1.001052 1.198917 -0.01754786 -0.1181175 0.3657287 -0.3787793
0.7640162 -0.6057519 0.5747766 -0.7713569 0.4946645 0.3840695 -0.4864317 -0.1743573
1.187785 -0.09824927 0.6085147 0.8525025 0.4628689 -0.1706941 -1.113956 -0.326968
1.165949 -1.405921 0.7046492 -0.0576909 0.7026358 -0.4294286 -0.8187648 -0.008389439
-1.9055 0.5527894 0.3902937 0.1386645 -0.4691385 0.6727014 -0.6058846 -0.4923025
0.3050145 1.510059 0.1614875 0.3859682 -0.2808858 -0.6712107 1.318209 0.1097625
0.4881701 1.111869 -0.05560464 0.1064014 -0.8940004 1.478923 0.6850082 0.1991654
-0.2065439 1.086842 0.8790359 -1.602302 -0.3900921 1.394871 -0.6193849 0.5438776
0.05102794 0.4620146 0.9558049 -0.9276662 0.06309897 -0.2127154 -0.4019167 0.7972159
-0.9499091 -0.4364037 -0.161855 -0.319421 1.239696 0.533072 -0.5695497 -0.6273576
-0.5232418 0.04210375 -0.4497942 0.3393862 0.7686716 0.7615036 0.804431 0.1603686
0.0283086 0.9653184 0.6997665 0.3253774 -1.234854 -1.078628 0.5402987 2.37536
-1.598619 0.9777228 0.352907 0.06911629 0.5354299 0.08378083 -0.6655332 -0.7534109
0.4162827 -0.2332315 -1.435795 -0.2625753 -0.8065329 0.7298036 0.1656397 -0.6963853
0.4199104 0.7657138 -1.032682 -0.2125875 0.1197302 -0.358888 -0.8997409 0.4903215
1.362883 -0.1655088 -1.805493 -2.632229 0.589118 0.2275844 -1.355531 0.5278893
0.9625323 2.483115 0.05080098 1.111164 -0.2489757 2.565468 -0.4692264 -0.6339011
-0.4555227 -0.6738349 1.175185 0.5036755 -0.9512948 -0.1557947 0.2061075 -0.2498409
-0.8370358 0.03774554 0.5661288 -1.270812 1.18633 -1.309038 0.04174773 -0.6986083
-1.162255 1.54758 -0.1143055 -0.4791698 -0.5734318 1.200932 -0.4797467 0.01687961
1.220844 -0.2424994 0.7393702 -0.7288445 -0.3652686 1.139101 0.1617321 -0.4446123
-1.355261 -1.440414 -0.1191644 0.3193127 1.098314 -0.8293979 0.6568625 0.03113084
1.495937 0.04954632 0.00252688 0.2467449 2.037629 -0.2815123 0.3773948 -0.2473333
0.28057 1.033479 0.7121341 0.495011 0.5070852 -0.8410357 -1.009808 -0.7299467
-0.2477888 0.4317832 0.2740591 1.092671 -0.5229551 -0.6354708 -0.2235572 0.6765647
1.91254 0.8095725 0.4464357 0.1545819 0.7147651 0.6401619 -1.608676 0.2909524
-0.9107088 -0.2613425 -0.08122072 1.268732 1.106408 -0.6131451 -0.4055644 -0.02741835
0.6139442 -1.15419 -0.8041521 1.104331 0.2080378 -0.6676608 0.1378075 -1.457553
0.3080709 0.02466568 0.4343967 -0.6628233 -0.1104359 0.08899532 0.5895129 -0.8179226
0.106226 1.716166 -0.1289936 -0.6024773 1.719642 0.328895 1.008466 -0.9979976
-1.24763 0.4454676 0.1452144 -1.094812 -1.232118 2.101402 -0.9645213 -1.912688
-1.07755 0.6499373 0.2544579 0.6662903 -1.52076 1.061633 -1.53118 -0.1215617
1.080354 0.8752904 1.62952 0.5388262 -0.03089862 -0.8057294 -0.9813932 -0.3577278
-0.4161751 0.2502614 -1.182567 -0.3839021 -0.1343284 -1.087072 0.2374572 0.002948261
1.242758 0.6127778 0.3647194 -0.9549847 0.005582742 0.06415173 -0.8611947 0.8013783
-1.360069 1.881233 0.6479593 0.5816946 -0.0618367 -0.3148653 0.4234669 2.22517
0.3979764 -2.881752 -0.0710424 -0.3189062 -1.318787 0.2056401 2.091197 0.710147
0.01524838 -0.6495529 2.55942 0.2160483 -0.01574194 -0.6418217 -0.4759215 -0.5881302
0.4004294 -0.06205488 -1.679649 -1.476359 1.090498 -1.626826 -0.1354821 0.4404557
-1.19903 -1.769621 -0.01519671 2.916478 0.1675777 1.388897 0.2688176 1.227337
1.083897 -1.575776 0.8691618 0.6003149 -0.3669603 -0.7432088 -0.3564202 0.2802288
-0.006711848 -0.7898239 -1.210548 0.4389158 0.5004886 -0.8489255 1.480789 -1.591022
0.04348762 -0.1403458 -1.003892 -0.6544671 0.1416106 -0.1520967 -1.872793 0.1181053
1.613647 0.08362677 1.739842 0.1657328 0.3747516 -0.9960501 0.1864652 1.234346
-0.679406 -1.578927 -0.01674886 1.299476 -0.05559352 1.79296 2.878239 0.4046032
0.4476186 0.260027 0.4069211 -0.8074474 -1.687221 -1.210781 0.005561078 0.876525
0.6885098 -0.6559767 -0.160634 -0.0635132 0.8152621 -0.4627564 -0.03167158 0.4831801
0.7066254 -0.4455969 -0.8929125 -1.068854 -0.6144432 1.110686 0.06092633 0.406844
-0.0520783 -1.322175 0.7769914 0.5265865 -1.144461 -0.4961502 -1.101731 -1.956645
-0.2314654 -0.7535007 1.952598 0.3869132 -0.6530818 1.723677 -1.32383 0.1880942
-1.166889 0.06452351 1.173135 0.7020238 1.033023 0.595064 -0.1280266 -1.573418
-0.7268951 0.9820338 1.751103 -0.5511656 0.9783617 -0.2318657 0.7691016 -0.9197858
0.04338434 1.705621 2.446232 0.8922504 -0.007859916 0.5472538 -0.2338871 -0.7843728
-0.3000348 -0.3979954 0.3159782 0.6638023 -0.5688333 -0.7352079 -1.543825 -1.13522
-0.1855298 -1.364135 0.06752846 0.3677115 -0.5389124 0.6960827 -0.7156575 -0.6785071
0.7489456 0.2808252 -0.8897628 -1.515972 -1.877531 0.7901675 0.4428234 0.3124447
-1.290075 -0.7996587 -0.6613164 -0.09401581 0.7094057 -1.630522 -0.4728222 -0.6301994
-1.677946 0.6100586 1.050727 -0.2735883 0.6191611 1.333174 0.2040208 -1.569996
-0.6130376 -1.043389 0.2762232 0.07011025 -0.3129069 0.3324865 -0.4412453 0.7682762
-0.1622753 -0.1344783 0.6227015 -0.8714764 -1.453816 -0.2100329 0.3743484 0.5305337
-0.3633421 0.494477 0.6861784 0.806034 0.330176 -0.6968026 -1.206176 0.4325573
0.6506867 -0.8168347 -0.8249129 -0.3156257 -0.1042193 -0.1496397 -0.08673502 -1.66098
0.3367765 0.6257623 0.4895781 0.005467308 0.5277296 -0.8300748 1.278298 0.2907822
-0.02726552 1.277279 -0.03380441 0.2481542 0.9693806 1.481563 1.038208 0.6090075
0.7996014 -0.9611475 -0.9851477 -0.8134046 0.007709396 2.462601 0.1270424 -0.2159015
-0.05918887 -0.3152428 -0.5238914 0.07378701 -0.7208477 1.027665 0.2279573 0.8815427
-0.5040864 1.017068 1.380176 0.1928479 -0.4414369 0.1832586 0.0609248 -1.638382
0.7299132 0.4319782 0.8429962 0.5419747 -0.1055665 0.2064356 -1.420954 0.7775971
1.305863 0.1233781 -0.4303904 0.168837 -1.573504 2.013382 -0.5033486 1.211327
1.60386 0.4033457 -0.6044622 -1.4222 -0.52764 0.7252508 -0.01561556 0.07601962
1.29309 -0.8586825 
